## Redshift, Hubble Time, omegaB, Omega0, hubble_param, n_datapoints
6.0000000      0.94241557     0.045800000      0.27500000      0.69999999       7.0000000
## Gonzalez et al 11: Log10(Smass [h^-1_70 Msol]), Log10(Phi [h^-3_70  Mpc^3 dex^-1]), Phi Error Low, Phi Error Upp
7.53252     -2.09000     0.240000     0.230000
8.03252     -2.16000     0.230000     0.230000
8.53252     -2.55000     0.210000     0.200000
9.03252     -2.81000     0.220000     0.190000
9.53252     -3.52000     0.230000     0.210000
10.0325     -4.22000     0.310000     0.280000
10.5325     -4.97000     0.700000     0.380000
6.4083014    -0.052413372     0.017432315     0.016759511
6.6583014     -0.30876286     0.023581989     0.022367179
6.9083013     -0.61960784     0.034136724     0.031647924
7.1583014     -1.1636759     0.066219918     0.057445996
7.4083013     -1.2715813     0.075786978     0.064505965
7.6583014     -1.7165179     0.13505083     0.10286615
7.9083014     -1.8626459     0.16508853     0.11933105
8.1583013     -2.2605859     0.30103001     0.17609125
8.6583013     -2.5616159     0.53329068     0.23226069

