## Redshift, Hubble Time, omegaB, Omega0, hubble_param, n_datapoints
7.0000000      0.77266918     0.045800000      0.27500000      0.69999999       6.0000000
## Gonzalez et al 11: Log10(Smass [h^-1_70 Msol]), Log10(Phi [h^-3_70  Mpc^3 dex^-1]), Phi Error Low, Phi Error Upp
7.53252     -2.15000     0.390000     0.410000
8.03252     -2.23000     0.380000     0.370000
8.53252     -2.70000     0.360000     0.340000
9.03252     -3.01000     0.340000     0.340000
9.53252     -3.80000     0.370000     0.360000
10.0325     -4.53000     0.610000     0.390000
6.4083014     -0.085944706     0.018132959     0.017406104
6.6583014     -0.39282387     0.026051575     0.024576889
6.9083013     -0.81732291     0.043311015     0.039380722
7.1583014     -1.2291774     0.071859561     0.061640397
7.4083013     -1.6073734     0.11673743     0.091913842
7.6583014     -1.7834646     0.14793201     0.11014345
7.9083014     -2.1636759     0.25744265     0.16053264
8.4083014     -2.5616159     0.53329068     0.23226069
8.9083014     -2.5616159     0.53329068     0.23226069

