 1.000000e+08  1.558152e+01
 1.122018e+08  1.403268e+01
 1.258925e+08  1.263809e+01
 1.412538e+08  1.138241e+01
 1.584893e+08  1.025173e+01
 1.778279e+08  9.233615e+00
 1.995262e+08  8.316799e+00
 2.238721e+08  7.491210e+00
 2.511886e+08  6.747740e+00
 2.818383e+08  6.078204e+00
 3.162278e+08  5.475222e+00
 3.548134e+08  4.932179e+00
 3.981072e+08  4.443096e+00
 4.466836e+08  4.002601e+00
 5.011872e+08  3.605849e+00
 5.623413e+08  3.248492e+00
 6.309573e+08  2.926613e+00
 7.079458e+08  2.636674e+00
 7.943282e+08  2.375500e+00
 8.912509e+08  2.140232e+00
 1.000000e+09  1.928297e+00
 1.122018e+09  1.737373e+00
 1.258925e+09  1.565372e+00
 1.412538e+09  1.410413e+00
 1.584893e+09  1.270811e+00
 1.778279e+09  1.145033e+00
 1.995262e+09  1.031712e+00
 2.238721e+09  9.296083e-01
 2.511886e+09  8.376141e-01
 2.818383e+09  7.547229e-01
 3.162278e+09  6.800344e-01
 3.548134e+09  6.127328e-01
 3.981072e+09  5.520908e-01
 4.466836e+09  4.974446e-01
 5.011872e+09  4.482029e-01
 5.623413e+09  4.038282e-01
 6.309573e+09  3.638419e-01
 7.079458e+09  3.278072e-01
 7.943282e+09  2.953347e-01
 8.912509e+09  2.660702e-01
 1.000000e+10  2.396992e-01
 1.122018e+10  2.159332e-01
 1.258925e+10  1.945163e-01
 1.412538e+10  1.752149e-01
 1.584893e+10  1.578216e-01
 1.778279e+10  1.421467e-01
 1.995262e+10  1.280213e-01
 2.238721e+10  1.152913e-01
 2.511886e+10  1.038203e-01
 2.818383e+10  9.348300e-02
 3.162278e+10  8.416810e-02
 3.548134e+10  7.577401e-02
 3.981072e+10  6.821060e-02
 4.466836e+10  6.139546e-02
 5.011872e+10  5.525500e-02
 5.623413e+10  4.972226e-02
 6.309573e+10  4.473777e-02
 7.079458e+10  4.024713e-02
 7.943282e+10  3.620178e-02
 8.912509e+10  3.255758e-02
 1.000000e+11  2.927515e-02
 1.122018e+11  2.631873e-02
 1.258925e+11  2.365615e-02
 1.412538e+11  2.125833e-02
 1.584893e+11  1.909923e-02
 1.778279e+11  1.715527e-02
 1.995262e+11  1.540517e-02
 2.238721e+11  1.382978e-02
 2.511886e+11  1.241183e-02
 2.818383e+11  1.113582e-02
 3.162278e+11  9.987652e-03
 3.548134e+11  8.954695e-03
 3.981072e+11  8.025532e-03
 4.466836e+11  7.189938e-03
 5.011872e+11  6.438585e-03
 5.623413e+11  5.763154e-03
 6.309573e+11  5.156075e-03
 7.079458e+11  4.610627e-03
 7.943282e+11  4.120624e-03
 8.912509e+11  3.680590e-03
 1.000000e+12  3.285516e-03
 1.122018e+12  2.930967e-03
 1.258925e+12  2.612860e-03
 1.412538e+12  2.327582e-03
 1.584893e+12  2.071821e-03
 1.778279e+12  1.842657e-03
 1.995262e+12  1.637390e-03
 2.238721e+12  1.453640e-03
 2.511886e+12  1.289219e-03
 2.818383e+12  1.142203e-03
 3.162278e+12  1.010813e-03
 3.548134e+12  8.934774e-04
 3.981072e+12  7.887552e-04
 4.466836e+12  6.953791e-04
 5.011872e+12  6.121758e-04
 5.623413e+12  5.381122e-04
 6.309573e+12  4.722388e-04
 7.079458e+12  4.137203e-04
 7.943282e+12  3.617872e-04
 8.912509e+12  3.157582e-04
 1.000000e+13  2.750100e-04
 1.122018e+13  2.389934e-04
 1.258925e+13  2.072032e-04
 1.412538e+13  1.791919e-04
 1.584893e+13  1.545511e-04
 1.778279e+13  1.329196e-04
 1.995262e+13  1.139677e-04
 2.238721e+13  9.740114e-05
 2.511886e+13  8.295362e-05
 2.818383e+13  7.038835e-05
 3.162278e+13  5.949040e-05
 3.548134e+13  5.006774e-05
 3.981072e+13  4.194723e-05
 4.466836e+13  3.497445e-05
 5.011872e+13  2.901049e-05
 5.623413e+13  2.393073e-05
 6.309573e+13  1.962380e-05
 7.079458e+13  1.599025e-05
 7.943282e+13  1.294131e-05
 8.912509e+13  1.039765e-05
 1.000000e+14  8.288936e-06
 1.122018e+14  6.552666e-06
 1.258925e+14  5.133753e-06
 1.412538e+14  3.983364e-06
 1.584893e+14  3.058844e-06
 1.778279e+14  2.322798e-06
 1.995262e+14  1.742843e-06
 2.238721e+14  1.290889e-06
 2.511886e+14  9.429358e-07
 2.818383e+14  6.785157e-07
 3.162278e+14  4.804353e-07
 3.548134e+14  3.343022e-07
 3.981072e+14  2.282917e-07
 4.466836e+14  1.527643e-07
 5.011872e+14  1.000117e-07
 5.623413e+14  6.394230e-08
 6.309573e+14  3.984862e-08
 7.079458e+14  2.415422e-08
 7.943282e+14  1.420891e-08
 8.912509e+14  8.091071e-09
