188
0.31622779
0.33496550
0.35481353
0.37583726
0.39810711
0.42169649
0.44668370
0.47315148
0.50118699
0.53088431
0.56234130
0.59566228
0.63095760
0.66834362
0.70794561
0.74989418
0.79432846
0.84139552
0.89125056
0.94406068
1.0000000
1.0592540
1.1220190
1.1885017
1.2589251
1.3335213
1.4125379
1.4962364
1.5848925
1.6788036
1.7782794
1.8836495
1.9952632
2.1134880
2.2387207
2.3713738
2.5118871
2.6607262
2.8183816
2.9853820
3.1622779
3.3496553
3.5481355
3.7583725
3.9810706
4.2169648
4.4668368
4.7315145
5.0118701
5.3088437
5.6234137
5.9566223
6.3095759
6.6834362
7.0794565
7.4989418
7.9432838
8.4139546
8.9125047
9.4406074
9.9999998
10.592540
11.220189
11.885017
12.589251
13.335214
14.125379
14.962363
15.848925
16.788036
17.782794
18.836496
19.952632
21.134881
22.387207
23.713738
25.118871
26.607262
28.183816
29.853821
31.622775
33.496551
35.481356
37.583724
39.810710
42.169653
44.668369
47.315147
50.118700
53.088430
56.234132
59.566230
63.095763
66.834360
70.794560
74.989423
79.432838
84.139556
89.125060
94.406061
100.00000
105.92528
112.20190
118.85017
125.89265
133.35215
141.25364
149.62363
158.48924
167.88055
177.82794
188.36473
199.52632
211.34882
223.87230
237.13738
251.18843
266.07263
281.83818
298.53854
316.22776
334.96514
354.81355
375.83724
398.10753
421.69651
446.68320
473.15145
501.18703
530.88492
562.34133
595.66164
630.95760
668.34360
707.94642
749.89420
794.32756
841.39550
891.25055
944.06170
1000.0000
1059.2529
1122.0189
1188.5017
1258.9265
1333.5214
1412.5363
1496.2363
1584.8925
1678.8055
1778.2794
1883.6474
1995.2632
2113.4882
2238.7230
2371.3739
2511.8842
2660.7263
2818.3815
2985.3852
3162.2777
3349.6516
3548.1355
3758.3723
3981.0753
4216.9652
4466.8317
4731.5149
5011.8704
5308.8493
5623.4131
5956.6164
6309.5760
6683.4359
7079.4640
7498.9419
7943.2755
8413.9547
8912.5061
9440.6176
10000.000
10592.528
11220.189
11885.017
12589.265
13335.214
14125.363
14962.363
